3: Raw Value: 477, 264, 263, 0, 0, 0, 0, 0
3: Raw Value: 459, 265, 257, 0, 0, 0, 0, 0
3: Raw Value: 442, 252, 246, 0, 0, 0, 0, 0
3: Raw Value: 431, 243, 241, 0, 0, 0, 0, 0
3: Raw Value: 419, 231, 235, 0, 0, 0, 0, 0
3: Raw Value: 410, 225, 228, 0, 0, 0, 0, 0
3: Raw Value: 402, 220, 223, 0, 0, 0, 0, 0
3: Raw Value: 396, 213, 218, 0, 0, 0, 0, 0
3: Raw Value: 390, 208, 214, 0, 0, 0, 0, 0
3: Raw Value: 385, 203, 211, 0, 0, 0, 0, 0
3: Raw Value: 381, 198, 208, 0, 0, 0, 0, 0
3: Raw Value: 378, 195, 205, 0, 0, 0, 0, 0
3: Raw Value: 376, 194, 200, 0, 0, 0, 0, 0
3: Raw Value: 373, 194, 195, 0, 0, 0, 0, 0
3: Raw Value: 370, 195, 194, 0, 0, 0, 0, 0
3: Raw Value: 369, 196, 192, 0, 0, 0, 0, 0
3: Raw Value: 368, 194, 192, 0, 0, 0, 0, 0
3: Converged Value: 371, 194, 194, 0, 0, 0, 0, 0
3: Raw Value: 367, 192, 194, 0, 0, 0, 0, 0
3: Raw Value: 368, 188, 193, 0, 0, 0, 0, 0
3: Raw Value: 366, 186, 194, 0, 0, 0, 0, 0
3: Raw Value: 365, 184, 193, 0, 0, 0, 0, 0
3: Raw Value: 366, 184, 194, 0, 0, 0, 0, 0
3: Converged Value: 366, 186, 193, 0, 0, 0, 0, 0
3: Raw Value: 365, 183, 195, 0, 0, 0, 0, 0
3: Raw Value: 366, 183, 195, 0, 0, 0, 0, 0
3: Raw Value: 364, 180, 194, 0, 0, 0, 0, 0
3: Raw Value: 357, 175, 190, 0, 0, 0, 0, 0
3: Raw Value: 346, 166, 180, 0, 0, 0, 0, 0
3: Raw Value: 325, 154, 166, 0, 0, 0, 0, 0
3: Raw Value: 294, 148, 158, 0, 0, 0, 0, 0
3: Raw Value: 265, 146, 155, 0, 0, 0, 0, 0
3: Raw Value: 243, 145, 154, 0, 0, 0, 0, 0
3: Raw Value: 221, 145, 157, 0, 0, 0, 0, 0
3: Raw Value: 201, 150, 157, 0, 0, 0, 0, 0
3: Raw Value: 180, 156, 160, 0, 0, 0, 0, 0
3: Raw Value: 162, 160, 163, 0, 0, 0, 0, 0
3: Raw Value: 149, 163, 165, 0, 0, 0, 0, 0
3: Raw Value: 137, 166, 166, 0, 0, 0, 0, 0
3: Raw Value: 125, 169, 166, 0, 0, 0, 0, 0
3: Raw Value: 116, 173, 167, 0, 0, 0, 0, 0
3: Raw Value: 112, 174, 167, 0, 0, 0, 0, 0
3: Raw Value: 109, 176, 168, 0, 0, 0, 0, 0
3: Raw Value: 108, 181, 168, 0, 0, 0, 0, 0
3: Raw Value: 106, 181, 169, 0, 0, 0, 0, 0
3: Converged Value: 110, 177, 167, 0, 0, 0, 0, 0
3: Raw Value: 106, 183, 170, 0, 0, 0, 0, 0
3: Raw Value: 105, 183, 169, 0, 0, 0, 0, 0
3: Raw Value: 105, 182, 168, 0, 0, 0, 0, 0
3: Raw Value: 103, 178, 168, 0, 0, 0, 0, 0
3: Raw Value: 99, 176, 169, 0, 0, 0, 0, 0
3: Converged Value: 103, 180, 168, 0, 0, 0, 0, 0
3: Raw Value: 93, 178, 174, 0, 0, 0, 0, 0
3: Raw Value: 84, 189, 190, 0, 0, 0, 0, 0
3: Raw Value: 87, 207, 212, 0, 0, 0, 0, 0
3: Raw Value: 100, 231, 241, 0, 0, 0, 0, 0
3: Raw Value: 111, 254, 269, 0, 0, 0, 0, 0
3: Raw Value: 121, 275, 290, 0, 0, 0, 0, 0
3: Raw Value: 127, 291, 308, 0, 0, 0, 0, 0
3: Raw Value: 133, 305, 317, 0, 0, 0, 0, 0
3: Raw Value: 139, 318, 326, 0, 0, 0, 0, 0
3: Raw Value: 145, 328, 334, 0, 0, 0, 0, 0
3: Raw Value: 147, 336, 343, 0, 0, 0, 0, 0
3: Raw Value: 151, 341, 353, 0, 0, 0, 0, 0
3: Raw Value: 153, 345, 360, 0, 0, 0, 0, 0
3: Raw Value: 154, 348, 364, 0, 0, 0, 0, 0
3: Raw Value: 155, 352, 366, 0, 0, 0, 0, 0
3: Raw Value: 157, 354, 369, 0, 0, 0, 0, 0
3: Raw Value: 157, 354, 378, 0, 0, 0, 0, 0
3: Raw Value: 158, 355, 385, 0, 0, 0, 0, 0
3: Raw Value: 157, 361, 392, 0, 0, 0, 0, 0
3: Raw Value: 158, 363, 395, 0, 0, 0, 0, 0
3: Raw Value: 158, 366, 398, 0, 0, 0, 0, 0
3: Raw Value: 158, 370, 404, 0, 0, 0, 0, 0
3: Raw Value: 158, 373, 410, 0, 0, 0, 0, 0
3: Raw Value: 159, 376, 412, 0, 0, 0, 0, 0
3: Raw Value: 160, 373, 414, 0, 0, 0, 0, 0
3: Raw Value: 161, 371, 411, 0, 0, 0, 0, 0
3: Converged Value: 159, 372, 410, 0, 0, 0, 0, 0
3: Raw Value: 162, 369, 402, 0, 0, 0, 0, 0
3: Raw Value: 162, 367, 393, 0, 0, 0, 0, 0
3: Raw Value: 163, 368, 385, 0, 0, 0, 0, 0
3: Raw Value: 163, 369, 388, 0, 0, 0, 0, 0
3: Raw Value: 162, 369, 390, 0, 0, 0, 0, 0
3: Raw Value: 165, 369, 392, 0, 0, 0, 0, 0
3: Converged Value: 163, 368, 389, 0, 0, 0, 0, 0
3: Raw Value: 169, 364, 384, 0, 0, 0, 0, 0
3: Raw Value: 175, 361, 378, 0, 0, 0, 0, 0
3: Raw Value: 185, 356, 373, 0, 0, 0, 0, 0
3: Raw Value: 196, 351, 364, 0, 0, 0, 0, 0
3: Raw Value: 207, 350, 354, 0, 0, 0, 0, 0
3: Raw Value: 213, 346, 350, 0, 0, 0, 0, 0
3: Raw Value: 220, 345, 348, 0, 0, 0, 0, 0
3: Raw Value: 227, 345, 347, 0, 0, 0, 0, 0
3: Raw Value: 233, 345, 344, 0, 0, 0, 0, 0
3: Raw Value: 239, 346, 345, 0, 0, 0, 0, 0
3: Raw Value: 242, 347, 345, 0, 0, 0, 0, 0
3: Raw Value: 245, 347, 345, 0, 0, 0, 0, 0
3: Raw Value: 248, 347, 344, 0, 0, 0, 0, 0
3: Raw Value: 251, 347, 344, 0, 0, 0, 0, 0
3: Raw Value: 253, 347, 343, 0, 0, 0, 0, 0
3: Raw Value: 254, 348, 343, 0, 0, 0, 0, 0
3: Converged Value: 250, 347, 343, 0, 0, 0, 0, 0
3: Raw Value: 255, 348, 343, 0, 0, 0, 0, 0
3: Raw Value: 256, 347, 343, 0, 0, 0, 0, 0
3: Raw Value: 257, 347, 343, 0, 0, 0, 0, 0
3: Raw Value: 256, 346, 344, 0, 0, 0, 0, 0
3: Raw Value: 252, 340, 339, 0, 0, 0, 0, 0
3: Converged Value: 255, 345, 342, 0, 0, 0, 0, 0
3: Raw Value: 236, 330, 327, 0, 0, 0, 0, 0
3: Raw Value: 217, 315, 308, 0, 0, 0, 0, 0
3: Raw Value: 195, 297, 293, 0, 0, 0, 0, 0
3: Raw Value: 177, 275, 276, 0, 0, 0, 0, 0
3: Raw Value: 168, 252, 259, 0, 0, 0, 0, 0
3: Raw Value: 156, 234, 243, 0, 0, 0, 0, 0
3: Raw Value: 148, 219, 231, 0, 0, 0, 0, 0
3: Raw Value: 140, 204, 220, 0, 0, 0, 0, 0
3: Raw Value: 135, 194, 211, 0, 0, 0, 0, 0
3: Raw Value: 131, 184, 202, 0, 0, 0, 0, 0
3: Raw Value: 125, 177, 194, 0, 0, 0, 0, 0
3: Raw Value: 120, 171, 190, 0, 0, 0, 0, 0
3: Raw Value: 118, 164, 184, 0, 0, 0, 0, 0
3: Raw Value: 117, 158, 182, 0, 0, 0, 0, 0
3: Raw Value: 114, 155, 181, 0, 0, 0, 0, 0
3: Raw Value: 110, 153, 180, 0, 0, 0, 0, 0
3: Raw Value: 110, 151, 176, 0, 0, 0, 0, 0
3: Raw Value: 109, 147, 175, 0, 0, 0, 0, 0
3: Raw Value: 108, 145, 173, 0, 0, 0, 0, 0
3: Converged Value: 110, 150, 177, 0, 0, 0, 0, 0
3: Raw Value: 107, 144, 172, 0, 0, 0, 0, 0
3: Raw Value: 105, 142, 171, 0, 0, 0, 0, 0
3: Raw Value: 105, 141, 168, 0, 0, 0, 0, 0
3: Raw Value: 115, 134, 160, 0, 0, 0, 0, 0
3: Raw Value: 137, 124, 145, 0, 0, 0, 0, 0
3: Raw Value: 158, 115, 138, 0, 0, 0, 0, 0
3: Raw Value: 195, 121, 143, 0, 0, 0, 0, 0
3: Raw Value: 233, 144, 157, 0, 0, 0, 0, 0
3: Raw Value: 272, 160, 183, 0, 0, 0, 0, 0
3: Raw Value: 305, 174, 195, 0, 0, 0, 0, 0
3: Raw Value: 330, 188, 205, 0, 0, 0, 0, 0
3: Raw Value: 353, 200, 213, 0, 0, 0, 0, 0

